==============================================================================
TimesFM-3 vs classical -- simulation results
==============================================================================
series x methods x slices : 129,600 rows
MAPE undefined            : 12,906 of 129,600 (10.0%) -- all on the intermittent DGP

MEAN MASE, h = 1..12  (lower is better; * marks the winner in the row)
method                     SeasonalNaive  Theta  AutoETS  AutoARIMA  Combination  TimesFM3
dgp correct_model     n                                                                   
D1  ARIMA             24           1.646  1.682    1.568      1.485        1.538     1.417
                      48           1.625  1.586    1.570      1.415        1.478     1.381
                      96           1.626  1.572    1.564      1.324        1.435     1.307
                      200          1.615  1.576    1.576      1.266        1.417     1.254
D2  ARIMA             24           1.905  2.003    1.886      1.708        1.788     1.675
                      48           1.838  1.860    1.834      1.575        1.688     1.518
                      96           1.810  1.812    1.811      1.517        1.643     1.455
                      200          1.922  1.919    1.921      1.374        1.654     1.383
D3  ARIMA             24           4.411  4.483    4.892      5.275        4.659     4.656
                      48           4.252  4.179    4.547      4.679        4.313     4.274
                      96           4.125  4.135    3.938      3.940        3.871     4.023
                      200          4.512  4.427    4.275      4.195        4.199     4.297
D4  ARIMA             24           1.029  4.146    3.602      2.284        3.084     1.321
                      48           1.021  1.944    1.720      1.014        1.395     1.295
                      96           1.005  2.910    2.407      0.886        1.839     1.124
                      200          1.053  4.155    1.085      0.886        1.700     1.161
D5  ETS               24           1.139  3.154    3.025      1.574        2.474     1.152
                      48           1.108  0.956    0.741      0.717        0.731     0.815
                      96           1.076  0.757    0.761      0.732        0.713     0.761
                      200          1.040  0.759    0.681      0.626        0.645     0.689
D6  none              24           0.801  1.327    0.766      0.802        0.837     0.807
                      48           0.947  1.115    0.869      0.925        0.924     0.825
                      96           1.006  0.963    0.905      0.920        0.916     0.865
                      200          0.934  0.840    0.825      0.833        0.827     0.844
D7  none              24           5.417  3.179    1.272      1.083        1.680     1.142
                      48           4.243  2.262    1.602      1.076        0.970     0.751
                      96           1.655  0.821    1.305      1.329        1.097     0.959
                      200          0.917  1.301    0.966      0.994        0.954     0.933
D8  none              24           1.019  0.999    1.047      0.996        1.010     0.780
                      48           1.066  0.984    0.988      0.962        0.974     0.708
                      96           0.932  0.923    0.926      0.924        0.923     0.683
                      200          1.005  0.943    0.939      0.939        0.940     0.694
D9  ARIMA (mean only) 24           1.547  1.518    1.454      1.372        1.404     1.321
                      48           1.588  1.486    1.476      1.244        1.353     1.239
                      96           1.430  1.342    1.333      1.098        1.213     1.104
                      200          1.577  1.503    1.504      1.190        1.341     1.200

CELL WINNERS (36 cells): TimesFM3 16, AutoARIMA 10, SeasonalNaive 4, Theta 2, Combination 2, AutoETS 2

BY REGIME:
  correctly specified by ARIMA              -> TimesFM3 7, AutoARIMA 5, SeasonalNaive 2, Theta 1, Combination 1
  correctly specified by ARIMA (mean only)  -> TimesFM3 2, AutoARIMA 2
  correctly specified by ETS                -> AutoARIMA 2, SeasonalNaive 1, Combination 1
  correctly specified by none               -> TimesFM3 7, AutoETS 2, AutoARIMA 1, Theta 1, SeasonalNaive 1

COVERAGE OF THE NOMINAL 80% INTERVAL, h = 1..12
method   SeasonalNaive  Theta  AutoETS  AutoARIMA  Combination  TimesFM3
dgp n                                                                   
D1  24           0.921  0.792    0.824      0.755        0.816     0.821
    48           0.910  0.839    0.845      0.775        0.844     0.810
    96           0.919  0.866    0.874      0.785        0.868     0.825
    200          0.909  0.868    0.866      0.792        0.867     0.813
D2  24           0.864  0.803    0.836      0.731        0.832     0.805
    48           0.878  0.866    0.879      0.772        0.875     0.820
    96           0.891  0.893    0.893      0.763        0.889     0.820
    200          0.884  0.885    0.888      0.798        0.893     0.821
D3  24           0.561  0.535    0.525      0.573        0.585     0.583
    48           0.600  0.594    0.632      0.707        0.665     0.717
    96           0.581  0.573    0.681      0.778        0.707     0.770
    200          0.529  0.541    0.635      0.765        0.669     0.748
D4  24           0.784  0.709    0.725      0.716        0.760     0.897
    48           0.787  0.553    0.577      0.725        0.665     0.800
    96           0.795  0.607    0.590      0.792        0.689     0.854
    200          0.768  0.652    0.752      0.790        0.791     0.832
D5  24           0.741  0.626    0.665      0.638        0.652     0.885
    48           0.736  0.654    0.693      0.756        0.753     0.821
    96           0.758  0.698    0.665      0.725        0.723     0.810
    200          0.777  0.737    0.722      0.778        0.785     0.759
D6  24           0.998  0.998    0.999      0.998        0.999     0.889
    48           0.992  0.987    0.992      0.990        0.990     0.863
    96           0.991  0.984    0.988      0.988        0.985     0.854
    200          0.988  0.967    0.970      0.966        0.968     0.828
D7  24           0.245  0.308    0.745      0.754        0.622     0.678
    48           0.432  0.646    0.663      0.890        0.910     0.920
    96           0.977  0.978    0.779      0.814        0.905     0.921
    200          0.980  0.938    0.872      0.874        0.916     0.861
D8  24           0.967  0.831    0.842      0.826        0.832     0.859
    48           0.960  0.844    0.844      0.839        0.840     0.780
    96           0.968  0.846    0.847      0.842        0.846     0.817
    200          0.964  0.840    0.838      0.838        0.842     0.815
D9  24           0.915  0.755    0.761      0.717        0.770     0.802
    48           0.918  0.808    0.814      0.755        0.816     0.806
    96           0.938  0.871    0.871      0.796        0.870     0.834
    200          0.931  0.861    0.855      0.771        0.852     0.784

TESTS (h=1..12, BH-adjusted at FDR 0.05): 180 comparisons, 132 significant, 113 favour TimesFM-3, 19 favour the classical method.